%YAML:1.0
---
a: 0.9
b: 8
c: 2.6
t: 0.8
x_b: 1.2
y_b: 0.5
z_b: 0.6
m_p: 15
m_b: 135
S_p: 20.8
S_b: 0.5
